4294967294,0
4294967278,22
4294967278,28
4294967278,27
4294967278,26
4294967278,25
4294967278,24
4294967278,23
4294967279,353
4294967278,255
4294967278,36
4294967278,35
4294967278,34
4294967278,33
4294967278,32
4294967278,31
4294967278,30
4294967278,29
4294967279,22
4294967279,20
4294967279,19
4294967279,18
4294967279,15
4294967279,14
4294967279,13
4294967279,12
4294967279,352
4294967278,554
4294967278,553
4294967278,0
4294967279,351
4294967279,0
4294967278,249
4294967278,245
4294967278,243
4294967278,132
4294967278,131
4294967278,130
4294967278,256
4294967278,129
4294967278,128
4294967278,127
4294967278,126
4294967278,125
4294967278,124
4294967278,123
4294967278,122
4294967278,251
4294967278,121
4294967278,120
4294967278,247
4294967278,119
4294967278,118
4294967278,117
4294967278,241
4294967278,116
4294967278,113
4294967278,235
4294967278,112
4294967278,111
4294967278,110
4294967278,109
4294967278,108
4294967278,107
4294967278,106
4294967278,105
4294967278,104
4294967278,103
4294967278,102
4294967278,101
4294967278,100
4294967278,99
4294967278,98
4294967278,97
4294967278,96
4294967278,95
4294967278,94
4294967278,93
4294967278,92
4294967278,91
4294967278,90
4294967278,89
4294967278,87
4294967278,86
4294967278,85
4294967278,84
4294967278,83
4294967278,82
4294967278,81
4294967278,80
4294967278,79
4294967278,78
4294967278,77
4294967278,76
4294967278,75
4294967278,74
4294967278,73
4294967278,72
4294967278,71
4294967278,70
4294967278,69
4294967278,68
4294967278,67
4294967278,66
4294967278,65
4294967278,64
4294967278,63
4294967278,62
4294967278,61
4294967278,60
4294967278,59
4294967278,58
4294967278,57
4294967278,56
4294967278,55
4294967278,54
4294967278,53
4294967278,52
4294967278,51
4294967278,50
4294967278,49
4294967278,48
4294967278,47
4294967278,46
4294967278,45
4294967278,44
4294967278,43
4294967278,42
4294967278,41
4294967278,40
4294967278,39
4294967278,38
4294967278,37
4294967279,23
4294967279,21
4294967279,17
4294967279,16
4294967279,11
4294967279,10
4294967279,9
4294967279,8
4294967279,7
4294967279,261
4294967279,6
4294967279,5
4294967279,281
4294967279,4
4294967278,115
4294967278,239
0,5
4294967294,7
4294967278,114
4294967294,6
4294967294,5
4294967279,350
4294967279,349
4294967279,348
4294967279,347
4294967279,346
4294967279,345
4294967279,344
4294967278,552
4294967278,551
4294967279,343
4294967278,550
4294967279,342
4294967279,341
4294967279,340
66,4
66,3
66,2
66,1
65,4
65,3
65,2
65,1
4294967279,339
4294967278,549
64,4
64,3
64,2
64,1
63,4
63,3
63,2
63,1
4294967279,338
4294967278,548
62,4
62,3
62,2
62,1
61,4
61,3
61,2
61,1
4294967279,337
4294967278,547
60,4
60,3
60,2
60,1
59,4
59,3
59,2
59,1
58,4
58,3
58,2
58,1
57,4
57,3
57,2
57,1
4294967279,336
4294967279,335
4294967278,546
4294967279,334
4294967278,545
56,4
56,3
56,2
56,1
55,4
55,3
55,2
55,1
4294967278,544
4294967278,543
4294967278,542
4294967279,333
4294967278,541
54,4
54,3
54,2
54,1
4294967278,540
4294967279,332
4294967278,539
4294967278,538
53,4
53,3
53,2
53,1
4294967278,537
4294967278,536
4294967278,535
4294967279,331
4294967278,534
52,4
52,3
52,2
52,1
4294967278,533
4294967279,330
4294967278,532
51,4
51,3
51,2
51,1
4294967279,329
4294967278,531
4294967278,530
4294967279,328
4294967278,529
50,4
50,3
50,2
50,1
4294967278,528
4294967279,327
4294967278,527
4294967278,526
49,4
49,3
49,2
49,1
4294967279,326
4294967278,525
4294967278,524
4294967279,325
4294967278,523
48,4
48,3
48,2
48,1
4294967278,522
4294967279,324
4294967278,521
4294967278,520
47,4
47,3
47,2
47,1
4294967279,323
4294967278,519
4294967278,518
4294967279,322
46,4
46,3
46,2
46,1
4294967278,517
4294967279,321
4294967278,516
4294967278,515
45,4
45,3
45,2
45,1
4294967278,514
4294967279,320
4294967278,513
4294967278,512
4294967279,319
44,4
44,3
44,2
44,1
4294967278,319
4294967278,318
4294967279,318
4294967278,317
4294967278,316
43,4
43,3
43,2
43,1
4294967278,315
4294967279,317
4294967278,314
42,5
42,4
42,3
42,2
42,1
4294967279,316
4294967278,313
41,4
41,3
41,2
41,1
4294967294,1363
4294967294,419
